0,463
0,462
0,461
0,460
0,459
0,458
0,457
0,456
0,455
0,454
0,453
0,452
0,451
0,450
0,449
0,448
0,447
0,446
0,445
0,444
0,443
0,442
45,5
45,4
45,3
45,2
0,441
45,1
45,0
0,440
0,439
0,438
0,437
0,436
0,435
0,434
0,433
0,432
0,431
0,430
0,429
0,428
0,427
0,426
0,425
44,4
44,3
44,2
0,424
44,1
44,0
0,423
0,422
43,3
43,2
0,421
43,1
43,0
0,420
0,419
42,3
42,2
0,418
42,1
42,0
0,417
0,416
41,3
41,2
0,415
41,1
41,0
0,414
0,413
0,412
0,411
0,410
0,409
0,408
0,407
0,406
40,5
40,4
40,3
40,2
40,1
40,0
39,4
39,3
39,2
39,1
39,0
38,3
38,2
38,1
38,0
37,3
37,2
37,1
37,0
36,3
36,2
36,1
36,0
